24
17
5
40 10 80 100 0 0
40 10 80 100 0 0
40 10 80 100 1 10
60 20 150 20 1 5
60 20 150 20 1 7
60 20 150 20 0 0
60 20 150 20 0 0
20 30 60 10 0 0
20 30 60 10 0 0
30 25 100 40 1 12
30 25 100 40 1 4
30 25 100 40 0 0
30 25 100 40 0 0
30 25 100 40 0 0
50 10 110 60 1 7
50 10 110 60 1 2
50 10 110 60 1 9
1 1 1 1 1 1 1 1 1 1 1 1 1 1 1 1 1 1 1 1 1 1 1 1
1 1 1 1 0 0 1 1 1 1 1 1 0 0 1 1 1 1 1 1 0 0 1 1
1 1 0 0 0 0 0 1 1 1 1 0 0 0 0 0 0 1 1 1 1 0 0 0
1 1 0 0 0 0 0 1 1 1 1 0 0 0 0 0 0 1 1 1 1 0 0 0
1 1 1 1 1 1 1 1 1 1 1 1 1 1 1 1 1 1 1 1 1 1 1 1
1 1 1 1 1 1 1 1 1 1 1 1 1 1 1 1 1 1 1 1 1 1 1 1
0 0 1 1 0 0 1 1 0 0 1 1 0 0 1 1 0 0 1 1 0 0 1 1
0 0 1 1 0 0 1 1 0 0 1 1 0 0 1 1 0 0 1 1 0 0 1 1
1 1 1 1 1 1 1 1 1 1 1 1 1 1 1 1 1 1 1 1 1 1 1 1
0 0 0 1 1 1 0 0 0 0 1 1 1 0 0 0 0 1 1 1 1 0 0 0 
1 1 1 1 1 1 1 1 1 1 1 1 1 1 1 1 1 1 1 1 1 1 1 1
0 0 1 1 0 0 1 1 0 0 1 1 0 0 1 1 0 0 1 1 0 0 1 1
1 1 1 1 1 1 1 1 1 1 1 1 1 1 1 1 1 1 1 1 1 1 1 1
0 0 0 0 0 0 0 1 1 1 0 0 0 0 1 1 1 1 1 0 0 0 0 0
1 1 1 1 1 1 1 1 1 1 1 1 1 1 1 1 1 1 1 1 1 1 1 1
0 0 0 0 0 0 0 1 1 1 0 0 0 0 1 1 1 1 1 0 0 0 0 0
1 1 0 0 0 0 0 0 0 1 1 1 0 0 0 0 1 1 1 1 1 0 0 0 
0 0 0 1 1 1 1 0 0 1 1 0 0 0 0 0 0
0 0 0 1 1 1 1 0 0 1 1 0 0 0 0 0 0
0 0 0 1 1 1 1 0 0 1 1 0 0 0 0 0 0
1 1 1 0 0 0 0 1 1 0 0 1 1 1 1 1 1 
1 1 1 0 0 0 0 1 1 0 0 1 1 1 1 1 1 
1 1 1 0 0 0 0 1 1 0 0 1 1 1 1 1 1 
1 1 1 0 0 0 0 1 1 0 0 1 1 1 1 1 1 
0 0 0 1 1 1 1 0 0 0 0 0 0 0 1 1 1
0 0 0 1 1 1 1 0 0 0 0 0 0 0 1 1 1
1 1 1 0 0 0 0 0 0 0 0 0 0 0 1 1 1 
1 1 1 0 0 0 0 0 0 0 0 0 0 0 1 1 1 
0 0 0 1 1 1 1 0 0 0 0 0 0 0 0 0 0
0 0 0 1 1 1 1 0 0 0 0 0 0 0 0 0 0
0 0 0 1 1 1 1 0 0 0 0 0 0 0 0 0 0
0 0 0 1 1 1 1 1 1 1 1 0 0 0 0 0 0
0 0 0 1 1 1 1 1 1 1 1 0 0 0 0 0 0
0 0 0 1 1 1 1 1 1 1 1 0 0 0 0 0 0
1 0 0 1 1
1 1 1 1 1
1 1 1 1 1
1 1 0 0 1
1 1 1 1 1
1 0 1 1 0
1 1 1 1 1
1 1 1 1 1
1 1 1 1 1
1 1 1 1 1
1 1 1 0 0
1 1 1 1 1
1 1 0 1 1
1 1 1 1 1
0 0 1 1 1
0 0 1 1 1
1 1 0 1 1
250 150 1000 250 10
300 220 3000 400 12
350 210 500 500 8
400 220 1500 700	 13
700 200 1500 300 18
2 4 1 4
1 2 7 3
1 1 1 1
9 4 3 6
4 5 3 4
1 1 1 2 2 2 1 1 1 3 3 3 2 2 2 1 1 1 2 2 2 4 4 4 
100
10
10 20 20 20 20 15 15 15 15 15 15 15 15 10 10 10 10
20 10 10 10 10 10 10 10 10 25 25 25 25 25 25 25 25
20 10 10 10 10 10 20 20 20 20 20 20 20 20 20 20 20
20 10 10 10 10 10 20 20 20 20 20 20 20 20 20 20 20
20 10 10 10 10 10 20 20 20 20 20 20 20 20 20 20 20
15 10 10 10 10 10 20 20 20 20 20 20 20 20 20 20 20
15 10 20 20 20 20 10 10 10 25 25 25 25 25 25 25 25
15 10 20 20 20 20 10 10 10 25 25 25 25 25 25 25 25
15 10 20 20 20 20 10 10 10 25 25 25 25 25 25 25 25
15 10 20 20 20 20 25 25 25 10 25 25 25 25 25 25 25
15 25 20 20 20 20 25 25 25 25 10 25 25 25 25 25 25
15 25 20 20 20 20 25 25 25 25 25 10 25 25 25 25 25
15 25 20 20 20 20 25 25 25 25 25 25 10 25 25 25 25
10 25 20 20 20 20 25 25 25 25 25 25 25 10 25 25 25
10 25 20 20 20 20 25 25 25 25 25 25 25 25 10 25 25
10 25 20 20 20 20 25 25 25 25 25 25 25 25 25 10 25 
10 25 20 20 20 20 25 25 25 25 25 25 25 25 25 25 10
8
6 1 4 1 5 2 4 2 5 3 4 3 5
6 1 4 1 5 2 4 2 5 3 4 3 5
4 1 2 1 3 1 4 1 5
6 1 2 1 3 2 4 2 5 3 4 3 5
4 1 4 2 4 3 4 4 5 
4 1 5 2 5 3 5 4 5
4 1 2 2 3 2 4 2 5
4 1 3 2 3 3 4 3 5

