12
30
8
1 0 17 16 0 0
2 0 37 41 1 9565
2 0 37 41 1 9983
2 0 37 41 0 0
2 0 37 41 0 0
2 0 37 41 0 0
1 0 17 16 0 0
8 0 150 196 1 11130
2 0 37 41 0 0
13 0 342 85 1 8956
26 0 684 196 1 17077
7 0 171 42 1 12143
13 0 342 85 1 8707
26 0 684 196 0 0
7 0 171 42 0 0
5 0 17 35 1 16729
5 0 17 35 0 0
20 0 70 196 1 12807
20 0 70 196 1 13219
5 0 17 35 1 6888
20 0 70 196 0 0
88 0 605 337 1 17914
36 0 230 196 1 4602
88 0 605 337 1 14114
36 0 230 196 0 0
36 0 230 196 0 0
34 2 220 196 0 0
34 2 220 196 0 0
34 2 220 196 0 0
34 2 220 196 0 0
0 1 1 0 1 1 1 1 1 0 1 1 
0 1 1 1 0 1 1 1 1 1 1 0 
1 1 1 1 1 1 1 1 1 0 1 0 
0 1 1 1 1 1 1 0 1 1 0 1 
1 1 1 1 1 0 0 1 1 0 1 1 
0 1 1 1 0 1 1 1 1 1 1 1 
1 1 1 1 1 1 1 1 1 1 1 1 
1 1 1 0 1 0 0 1 1 1 0 1 
1 1 1 1 1 1 1 1 1 1 1 1 
1 1 0 0 1 1 1 1 0 1 1 1 
1 1 0 1 1 0 1 1 1 0 0 1 
0 1 1 1 1 1 1 1 1 1 1 1 
1 0 0 1 1 0 0 0 1 0 0 1 
1 0 0 1 1 0 1 1 1 1 1 1 
1 0 1 0 1 0 0 1 1 1 1 0 
0 1 1 1 1 0 1 1 1 1 1 0 
0 1 1 1 1 1 1 0 1 1 0 1 
1 1 1 1 1 1 1 0 1 1 1 1 
0 0 0 1 1 1 1 1 1 1 1 1 
1 0 1 1 0 1 0 0 0 1 1 1 
0 1 1 1 1 1 1 1 1 1 1 0 
1 1 0 1 1 1 1 1 1 1 1 1 
1 1 0 0 1 1 1 1 1 1 1 1 
1 1 1 1 1 1 1 1 0 1 1 1 
1 0 0 1 1 1 1 0 1 1 1 1 
1 0 1 0 1 1 1 1 0 1 1 1 
0 1 1 1 1 1 0 1 1 1 1 0 
1 1 1 1 1 1 1 1 1 1 1 1 
0 1 1 1 1 1 1 1 0 1 0 1 
1 0 1 1 1 1 1 1 1 1 1 1 
0 0 0 1 0 0 0 0 0 0 1 0 0 0 0 1 1 0 0 1 0 0 1 0 0 0 0 0 1 0 
0 0 1 1 1 0 1 0 0 0 1 0 0 1 1 1 0 0 0 1 0 0 0 0 0 0 0 0 0 0 
0 1 0 0 0 0 1 0 0 0 1 1 0 1 0 1 0 0 0 0 0 0 0 0 0 0 0 0 0 0 
1 1 0 0 1 1 0 0 1 0 0 0 1 0 0 0 0 0 0 0 0 0 0 1 0 1 0 1 1 0 
0 1 0 1 0 0 0 0 1 0 0 0 0 0 0 0 0 0 0 0 1 0 0 0 0 0 0 0 0 0 
0 0 0 1 0 0 0 0 0 0 0 0 1 0 0 0 0 0 0 1 0 0 1 1 1 1 0 0 0 1 
0 1 1 0 0 0 0 0 0 0 0 0 0 0 0 1 0 0 0 0 1 1 0 0 0 1 0 0 0 0 
0 0 0 0 0 0 0 0 0 0 0 0 0 0 0 0 0 1 0 0 0 0 0 1 0 0 1 0 0 0 
0 0 0 1 1 0 0 0 0 0 0 0 0 0 1 1 0 0 0 0 0 0 1 0 0 0 0 0 1 0 
0 0 0 0 0 0 0 0 0 0 0 0 1 0 0 0 0 1 0 0 0 0 0 0 0 0 0 1 0 0 
1 1 1 0 0 0 0 0 0 0 0 0 0 0 0 1 0 0 0 0 1 0 1 0 0 0 0 0 0 0 
0 0 1 0 0 0 0 0 0 0 0 0 0 0 0 0 0 0 1 0 1 1 0 0 0 0 1 0 1 0 
0 0 0 1 0 1 0 0 0 1 0 0 0 1 0 0 0 1 1 0 0 0 0 0 0 0 0 0 0 0 
0 1 1 0 0 0 0 0 0 0 0 0 1 0 0 0 0 0 0 0 1 1 0 0 0 1 1 0 0 1 
0 1 0 0 0 0 0 0 1 0 0 0 0 0 0 0 1 0 0 0 1 0 0 0 0 0 0 0 0 0 
1 1 1 0 0 0 1 0 1 0 1 0 0 0 0 0 0 0 0 0 0 0 0 0 0 0 0 0 0 0 
1 0 0 0 0 0 0 0 0 0 0 0 0 0 1 0 0 0 0 0 0 0 0 1 0 1 0 0 0 0 
0 0 0 0 0 0 0 1 0 1 0 0 1 0 0 0 0 0 0 0 1 1 0 1 0 0 0 1 0 0 
0 0 0 0 0 0 0 0 0 0 0 1 1 0 0 0 0 0 0 0 0 0 0 0 0 0 0 1 0 0 
1 1 0 0 0 1 0 0 0 0 0 0 0 0 0 0 0 0 0 0 0 0 0 1 1 0 0 1 0 1 
0 0 0 0 1 0 1 0 0 0 1 1 0 1 1 0 0 1 0 0 0 0 0 0 0 1 0 0 0 0 
0 0 0 0 0 0 1 0 0 0 0 1 0 1 0 0 0 1 0 0 0 0 1 0 0 0 0 1 0 0 
1 0 0 0 0 1 0 0 1 0 1 0 0 0 0 0 0 0 0 0 0 1 0 0 0 0 0 0 1 0 
0 0 0 1 0 1 0 1 0 0 0 0 0 0 0 0 1 1 0 1 0 0 0 0 0 0 0 0 1 0 
0 0 0 0 0 1 0 0 0 0 0 0 0 0 0 0 0 0 0 1 0 0 0 0 0 0 0 1 0 0 
0 0 0 1 0 1 1 0 0 0 0 0 0 1 0 0 1 0 0 0 1 0 0 0 0 0 1 1 0 0 
0 0 0 0 0 0 0 1 0 0 0 1 0 1 0 0 0 0 0 0 0 0 0 0 0 1 0 0 0 0 
0 0 0 1 0 0 0 0 0 1 0 0 0 0 0 0 0 1 1 1 0 1 0 0 1 1 0 0 0 0 
1 0 0 1 0 0 0 0 1 0 0 1 0 0 0 0 0 0 0 0 0 0 1 1 0 0 0 0 0 1 
0 0 0 0 0 1 0 0 0 0 0 0 0 1 0 0 0 0 0 1 0 0 0 0 0 0 0 0 1 0 
1 1 1 1 1 1 1 1 
1 1 1 1 1 1 1 1 
1 1 1 1 1 1 1 1 
1 1 1 1 1 1 1 1 
1 1 1 1 1 1 1 1 
1 1 1 1 1 1 1 1 
1 1 1 1 1 1 1 1 
0 0 0 1 1 1 1 1 
1 1 1 1 1 1 1 1 
0 0 0 1 1 1 1 1 
0 0 0 1 1 1 1 1 
0 0 0 1 1 1 1 1 
0 0 0 1 1 1 1 1 
0 0 0 1 1 1 1 1 
0 0 0 1 1 1 1 1 
1 1 1 1 1 1 1 1 
1 1 1 1 1 1 1 1 
0 0 0 1 1 1 1 1 
0 0 0 1 1 1 1 1 
1 1 1 1 1 1 1 1 
0 0 0 1 1 1 1 1 
0 0 0 1 1 1 1 1 
0 0 0 1 1 1 1 1 
0 0 0 1 1 1 1 1 
0 0 0 1 1 1 1 1 
0 0 0 1 1 1 1 1 
0 0 0 0 0 0 1 1 
0 0 0 0 0 0 1 1 
0 0 0 0 0 0 1 1 
0 0 0 0 0 0 1 1 
12 0 160 164 3000
12 0 160 164 3000
12 0 160 164 3000
147 0 1280 491 6000
333 0 2560 614 9000
333 0 2560 614 9000
147 6 1280 614 6000
147 6 1280 614 6000
10 0 1 7
10 0 1 7
10 0 1 7
14 0 8 22
34 0 17 22
34 0 17 22
14 18 8 22
14 18 8 22
14 14 14 14 14 14 14 14 14 14 14 14 
30000
3000
3000 0 0 3000 0 0 0 0 0 0 3000 0 0 0 0 3000 3000 0 0 3000 0 0 3000 0 0 0 0 0 3000 0 
0 3000 3000 3000 3000 0 3000 0 0 0 3000 0 0 3000 3000 3000 0 0 0 3000 0 0 0 0 0 0 0 0 0 0 
0 0 3000 0 0 0 3000 0 0 0 3000 3000 0 3000 0 3000 0 0 0 0 0 0 0 0 0 0 0 0 0 0 
0 0 0 3000 3000 3000 0 0 3000 0 0 0 3000 0 0 0 0 0 0 0 0 0 0 3000 0 3000 0 3000 3000 0 
0 0 0 0 3000 0 0 0 3000 0 0 0 0 0 0 0 0 0 0 0 3000 0 0 0 0 0 0 0 0 0 
0 0 0 0 0 3000 0 0 0 0 0 0 3000 0 0 0 0 0 0 3000 0 0 3000 3000 3000 3000 0 0 0 3000 
0 0 0 0 0 0 3000 0 0 0 0 0 0 0 0 3000 0 0 0 0 3000 3000 0 0 0 3000 0 0 0 0 
0 0 0 0 0 0 0 3000 0 0 0 0 0 0 0 0 0 6000 0 0 0 0 0 6000 0 0 6000 0 0 0 
0 0 0 0 0 0 0 0 3000 0 0 0 0 0 3000 3000 0 0 0 0 0 0 3000 0 0 0 0 0 3000 0 
0 0 0 0 0 0 0 0 0 3000 0 0 6000 0 0 0 0 6000 0 0 0 0 0 0 0 0 0 6000 0 0 
0 0 0 0 0 0 0 0 0 0 3000 0 0 0 0 3000 0 0 0 0 6000 0 6000 0 0 0 0 0 0 0 
0 0 0 0 0 0 0 0 0 0 0 3000 0 0 0 0 0 0 3000 0 3000 3000 0 0 0 0 3000 0 3000 0 
0 0 0 0 0 0 0 0 0 0 0 0 3000 6000 0 0 0 6000 6000 0 0 0 0 0 0 0 0 0 0 0 
0 0 0 0 0 0 0 0 0 0 0 0 0 3000 0 0 0 0 0 0 6000 6000 0 0 0 6000 6000 0 0 6000 
0 0 0 0 0 0 0 0 0 0 0 0 0 0 3000 0 3000 0 0 0 3000 0 0 0 0 0 0 0 0 0 
0 0 0 0 0 0 0 0 0 0 0 0 0 0 0 3000 0 0 0 0 0 0 0 0 0 0 0 0 0 0 
0 0 0 0 0 0 0 0 0 0 0 0 0 0 0 0 3000 0 0 0 0 0 0 3000 0 3000 0 0 0 0 
0 0 0 0 0 0 0 0 0 0 0 0 0 0 0 0 0 3000 0 0 6000 6000 0 6000 0 0 0 6000 0 0 
0 0 0 0 0 0 0 0 0 0 0 0 0 0 0 0 0 0 3000 0 0 0 0 0 0 0 0 6000 0 0 
0 0 0 0 0 0 0 0 0 0 0 0 0 0 0 0 0 0 0 3000 0 0 0 3000 3000 0 0 3000 0 3000 
0 0 0 0 0 0 0 0 0 0 0 0 0 0 0 0 0 0 0 0 3000 0 0 0 0 6000 0 0 0 0 
0 0 0 0 0 0 0 0 0 0 0 0 0 0 0 0 0 0 0 0 0 3000 9000 0 0 0 0 9000 0 0 
0 0 0 0 0 0 0 0 0 0 0 0 0 0 0 0 0 0 0 0 0 0 3000 0 0 0 0 0 9000 0 
0 0 0 0 0 0 0 0 0 0 0 0 0 0 0 0 0 0 0 0 0 0 0 3000 0 0 0 0 9000 0 
0 0 0 0 0 0 0 0 0 0 0 0 0 0 0 0 0 0 0 0 0 0 0 0 3000 0 0 9000 0 0 
0 0 0 0 0 0 0 0 0 0 0 0 0 0 0 0 0 0 0 0 0 0 0 0 0 3000 9000 9000 0 0 
0 0 0 0 0 0 0 0 0 0 0 0 0 0 0 0 0 0 0 0 0 0 0 0 0 0 3000 0 0 0 
0 0 0 0 0 0 0 0 0 0 0 0 0 0 0 0 0 0 0 0 0 0 0 0 0 0 0 3000 0 0 
0 0 0 0 0 0 0 0 0 0 0 0 0 0 0 0 0 0 0 0 0 0 0 0 0 0 0 0 3000 9000 
0 0 0 0 0 0 0 0 0 0 0 0 0 0 0 0 0 0 0 0 0 0 0 0 0 0 0 0 0 3000 
15
7 1 2 1 3 1 4 1 5 1 6 1 7 1 8 
7 1 2 1 3 1 4 1 5 1 6 1 7 1 8 
7 1 2 2 3 2 4 2 5 2 6 2 7 2 8 
12 1 3 1 4 1 5 1 6 1 7 1 8 2 3 2 4 2 5 2 6 2 7 2 8 
7 2 3 1 3 3 4 3 5 3 6 3 7 3 8 
15 1 4 1 5 1 6 1 7 1 8 2 4 2 5 2 6 2 7 2 8 3 4 3 5 3 6 3 7 3 8 
7 3 4 2 4 1 4 4 5 4 6 4 7 4 8 
16 1 5 1 6 1 7 1 8 2 5 2 6 2 7 2 8 3 5 3 6 3 7 3 8 4 5 4 6 4 7 4 8 
7 4 5 3 5 2 5 1 5 5 6 5 7 5 8 
15 1 6 1 7 1 8 2 6 2 7 2 8 3 6 3 7 3 8 4 6 4 7 4 8 5 6 5 7 5 8 
7 5 6 4 6 3 6 2 6 1 6 6 7 6 8 
12 1 7 1 8 2 7 2 8 3 7 3 8 4 7 4 8 5 7 5 8 6 7 6 8 
7 6 7 5 7 4 7 3 7 2 7 1 7 7 8 
7 1 8 2 8 3 8 4 8 5 8 6 8 7 8 
7 7 8 6 8 5 8 4 8 3 8 2 8 1 8 
