12
21
5
1 0 17 16 0 0
1 0 17 16 0 0
2 0 37 41 0 0
8 0 150 196 1 7310
4 0 75 85 1 11393
8 0 150 196 1 20755
8 0 150 196 0 0
1 0 17 16 1 21737
8 0 150 196 0 0
13 0 342 85 1 11018
13 0 342 85 1 5186
13 0 342 85 0 0
13 0 342 85 1 14061
13 0 342 85 1 11989
20 0 70 196 0 0
5 0 17 35 1 12820
20 0 70 196 1 5218
5 0 17 35 0 0
88 0 605 337 1 10872
88 0 605 337 0 0
34 2 220 196 1 3457
1 0 1 1 1 1 1 1 1 1 1 1 
0 1 1 1 1 1 1 1 1 1 0 1 
1 1 0 1 1 1 1 1 0 0 1 1 
0 0 1 1 1 1 1 1 1 1 0 0 
1 1 1 1 1 1 1 0 1 1 1 1 
1 1 1 1 1 1 1 1 1 1 0 1 
0 1 1 0 1 1 1 1 0 0 1 1 
0 1 1 1 1 1 1 1 0 1 1 0 
0 1 1 1 0 1 1 0 1 1 1 1 
1 1 0 0 1 1 1 0 1 1 1 0 
1 1 1 1 1 1 0 1 1 1 1 1 
0 1 1 1 1 1 1 1 1 1 0 1 
1 1 1 1 1 1 0 0 1 1 1 1 
0 0 1 1 1 0 0 0 0 1 0 0 
0 1 1 1 1 1 1 1 1 0 1 1 
0 0 1 1 1 1 1 0 1 1 1 1 
1 1 1 0 1 1 1 1 1 0 1 1 
1 0 1 1 0 0 1 0 1 0 1 1 
0 1 1 1 1 1 1 1 1 1 1 1 
1 1 1 0 0 1 1 0 1 0 1 1 
0 1 0 1 1 0 1 1 1 1 0 1 
0 1 0 1 0 1 0 0 0 0 1 0 0 0 0 0 0 0 0 0 1 
1 0 0 1 0 0 0 0 0 0 1 0 0 0 0 0 0 0 0 0 1 
0 0 0 1 0 1 0 0 0 1 0 1 0 0 0 1 0 0 0 0 0 
1 1 1 0 0 0 0 0 0 0 0 1 1 0 0 0 1 1 1 1 1 
0 0 0 0 0 0 1 0 0 1 0 0 0 0 1 0 0 0 0 0 0 
1 0 1 0 0 0 0 0 0 0 0 0 0 0 0 0 0 1 0 0 0 
0 0 0 0 1 0 0 1 0 0 0 0 0 0 1 0 0 0 0 0 0 
0 0 0 0 0 0 1 0 0 0 0 0 0 0 1 1 0 0 0 1 1 
0 0 0 0 0 0 0 0 0 0 0 0 0 0 1 1 0 0 0 0 0 
0 0 1 0 1 0 0 0 0 0 1 0 0 0 0 0 0 0 0 0 0 
1 1 0 0 0 0 0 0 0 1 0 0 1 1 0 1 0 0 0 0 0 
0 0 1 1 0 0 0 0 0 0 0 0 0 1 0 0 0 0 0 1 0 
0 0 0 1 0 0 0 0 0 0 1 0 0 0 1 0 0 0 0 1 1 
0 0 0 0 0 0 0 0 0 0 1 1 0 0 0 1 1 1 0 0 0 
0 0 0 0 1 0 1 1 1 0 0 0 1 0 0 0 0 1 0 1 0 
0 0 1 0 0 0 0 1 1 0 1 0 0 1 0 0 0 1 0 1 0 
0 0 0 1 0 0 0 0 0 0 0 0 0 1 0 0 0 0 1 0 0 
0 0 0 1 0 1 0 0 0 0 0 0 0 1 1 1 0 0 0 0 0 
0 0 0 1 0 0 0 0 0 0 0 0 0 0 0 0 1 0 0 0 0 
0 0 0 1 0 0 0 1 0 0 0 1 1 0 1 1 0 0 0 0 0 
1 1 0 1 0 0 0 1 0 0 0 0 1 0 0 0 0 0 0 0 0 
1 1 1 1 1 
1 1 1 1 1 
1 1 1 1 1 
0 0 1 1 1 
1 1 1 1 1 
0 0 1 1 1 
0 0 1 1 1 
1 1 1 1 1 
0 0 1 1 1 
0 0 1 1 1 
0 0 1 1 1 
0 0 1 1 1 
0 0 1 1 1 
0 0 1 1 1 
0 0 1 1 1 
1 1 1 1 1 
0 0 1 1 1 
1 1 1 1 1 
0 0 1 1 1 
0 0 1 1 1 
0 0 0 0 1 
12 0 160 164 3000
12 0 160 164 3000
333 0 2560 614 9000
333 0 2560 614 9000
147 6 1280 614 6000
10 0 1 7
10 0 1 7
34 0 17 22
34 0 17 22
14 18 8 22
14 14 14 14 14 14 14 14 14 14 14 14 
30000
3000
3000 3000 0 3000 0 3000 0 0 0 0 3000 0 0 0 0 0 0 0 0 0 3000 
0 3000 0 3000 0 0 0 0 0 0 3000 0 0 0 0 0 0 0 0 0 3000 
0 0 3000 3000 0 3000 0 0 0 3000 0 3000 0 0 0 3000 0 0 0 0 0 
0 0 0 3000 0 0 0 0 0 0 0 6000 6000 0 0 0 6000 3000 6000 6000 6000 
0 0 0 0 3000 0 6000 0 0 6000 0 0 0 0 6000 0 0 0 0 0 0 
0 0 0 0 0 3000 0 0 0 0 0 0 0 0 0 0 0 3000 0 0 0 
0 0 0 0 0 0 3000 3000 0 0 0 0 0 0 6000 0 0 0 0 0 0 
0 0 0 0 0 0 0 3000 0 0 0 0 0 0 3000 3000 0 0 0 3000 3000 
0 0 0 0 0 0 0 0 3000 0 0 0 0 0 6000 3000 0 0 0 0 0 
0 0 0 0 0 0 0 0 0 3000 6000 0 0 0 0 0 0 0 0 0 0 
0 0 0 0 0 0 0 0 0 0 3000 0 6000 6000 0 3000 0 0 0 0 0 
0 0 0 0 0 0 0 0 0 0 0 3000 0 6000 0 0 0 0 0 6000 0 
0 0 0 0 0 0 0 0 0 0 0 0 3000 0 6000 0 0 0 0 6000 6000 
0 0 0 0 0 0 0 0 0 0 0 0 0 3000 0 3000 6000 3000 0 0 0 
0 0 0 0 0 0 0 0 0 0 0 0 0 0 3000 0 0 3000 0 6000 0 
0 0 0 0 0 0 0 0 0 0 0 0 0 0 0 3000 0 3000 0 3000 0 
0 0 0 0 0 0 0 0 0 0 0 0 0 0 0 0 3000 0 6000 0 0 
0 0 0 0 0 0 0 0 0 0 0 0 0 0 0 0 0 3000 0 0 0 
0 0 0 0 0 0 0 0 0 0 0 0 0 0 0 0 0 0 3000 0 0 
0 0 0 0 0 0 0 0 0 0 0 0 0 0 0 0 0 0 0 3000 0 
0 0 0 0 0 0 0 0 0 0 0 0 0 0 0 0 0 0 0 0 3000 
9
4 1 2 1 3 1 4 1 5 
4 1 2 1 3 1 4 1 5 
4 1 2 2 3 2 4 2 5 
6 1 3 1 4 1 5 2 3 2 4 2 5 
4 2 3 1 3 3 4 3 5 
6 1 4 1 5 2 4 2 5 3 4 3 5 
4 3 4 2 4 1 4 4 5 
4 1 5 2 5 3 5 4 5 
4 4 5 3 5 2 5 1 5 
