12
11
3
2 0 37 41 1 17150
2 0 37 41 1 4869
4 0 75 85 0 0
4 0 75 85 1 4652
1 0 17 16 1 10776
4 0 75 85 0 0
13 0 342 85 0 0
7 0 171 42 1 14084
26 0 684 196 0 0
26 0 684 196 1 15866
13 0 342 85 0 0
1 0 1 0 1 1 1 1 0 1 0 1 
1 1 1 1 1 1 1 0 0 1 1 1 
1 0 1 1 1 1 1 1 1 1 1 1 
0 1 1 0 0 1 1 1 1 0 1 1 
0 0 1 1 1 1 1 1 0 1 1 1 
1 1 1 1 0 0 0 1 1 0 1 1 
1 0 1 0 1 1 1 1 1 1 0 1 
1 1 1 1 1 1 1 1 1 1 1 1 
1 1 1 1 1 1 1 0 1 1 1 1 
1 1 1 1 1 1 0 0 1 1 0 1 
1 1 1 1 1 1 1 1 0 0 1 1 
0 0 1 0 0 0 1 0 1 0 0 
0 0 0 0 0 0 1 0 1 0 0 
1 0 0 0 0 0 0 0 0 0 0 
0 0 0 0 0 0 0 0 1 1 0 
0 0 0 0 0 0 1 0 0 0 1 
0 0 0 0 0 0 1 0 1 1 1 
1 1 0 0 1 1 0 0 0 0 0 
0 0 0 0 0 0 0 0 0 0 0 
1 1 0 1 0 1 0 0 0 0 0 
0 0 0 1 0 1 0 0 0 0 0 
0 0 0 0 1 1 0 0 0 0 0 
1 1 1 
1 1 1 
1 1 1 
1 1 1 
1 1 1 
1 1 1 
0 0 1 
0 0 1 
0 0 1 
0 0 1 
0 0 1 
12 0 160 164 3000
12 0 160 164 3000
147 0 1280 491 6000
10 0 1 7
10 0 1 7
14 0 8 22
14 14 14 14 14 14 14 14 14 14 14 14 
30000
3000
3000 0 3000 0 0 0 3000 0 3000 0 0 
0 3000 0 0 0 0 3000 0 3000 0 0 
0 0 3000 0 0 0 0 0 0 0 0 
0 0 0 3000 0 0 0 0 6000 6000 0 
0 0 0 0 3000 0 3000 0 0 0 3000 
0 0 0 0 0 3000 6000 0 6000 6000 6000 
0 0 0 0 0 0 3000 0 0 0 0 
0 0 0 0 0 0 0 3000 0 0 0 
0 0 0 0 0 0 0 0 3000 0 0 
0 0 0 0 0 0 0 0 0 3000 0 
0 0 0 0 0 0 0 0 0 0 3000 
5
2 1 2 1 3 
2 1 2 1 3 
2 1 2 2 3 
2 1 3 2 3 
2 2 3 1 3 
