12
24
6
4 0 75 85 0 0
2 0 37 41 0 0
4 0 75 85 1 18491
8 0 150 196 1 12703
8 0 150 196 0 0
8 0 150 196 0 0
2 0 37 41 0 0
26 0 684 196 0 0
26 0 684 196 1 1296
13 0 342 85 1 20225
13 0 342 85 1 8403
26 0 684 196 0 0
20 0 70 196 1 15889
20 0 70 196 1 6554
5 0 17 35 0 0
20 0 70 196 1 8013
36 0 230 196 0 0
88 0 605 337 0 0
36 0 230 196 0 0
88 0 605 337 1 13360
36 0 230 196 1 4878
34 2 220 196 0 0
34 2 220 196 1 6543
34 2 220 196 1 18669
1 1 1 1 1 1 0 1 1 0 1 1 
1 1 1 1 1 0 1 1 1 1 1 0 
0 0 1 1 1 1 0 1 1 1 1 0 
1 1 1 0 0 1 1 1 1 1 1 1 
1 0 1 1 1 1 0 0 1 1 1 1 
0 1 0 1 1 0 0 1 1 1 1 0 
1 1 1 1 1 1 1 1 1 1 1 1 
1 1 0 0 0 0 1 1 0 1 1 1 
1 1 1 1 1 1 1 0 0 1 1 0 
0 0 1 1 1 1 1 1 1 1 1 1 
1 1 1 1 0 1 1 1 1 1 1 1 
1 1 1 1 1 0 1 1 1 1 1 1 
1 1 1 1 1 1 1 1 1 1 1 0 
1 1 1 1 0 0 1 1 1 1 1 1 
1 0 0 1 1 0 1 1 1 1 1 0 
1 1 1 0 0 1 0 1 1 1 1 0 
1 1 1 1 0 1 1 1 0 1 1 1 
1 1 1 1 1 1 1 1 1 1 1 1 
0 1 1 1 1 0 1 0 1 1 1 1 
1 1 1 0 1 1 0 1 1 1 1 1 
1 1 0 1 1 1 0 1 0 1 1 1 
1 0 1 0 1 1 1 1 1 1 0 0 
1 1 1 1 1 0 1 1 0 0 1 1 
1 1 1 1 1 1 1 1 0 1 0 0 
0 0 0 0 0 0 0 0 0 0 0 0 0 1 0 0 0 0 0 0 0 0 0 0 
0 0 0 1 0 0 0 0 0 1 0 0 0 0 0 0 0 1 0 1 0 0 1 1 
0 0 0 1 0 0 0 0 0 0 1 0 0 1 0 0 0 0 0 0 0 1 0 1 
0 1 1 0 0 0 0 0 0 0 0 0 0 1 0 0 0 0 0 0 1 0 0 0 
0 0 0 0 0 0 0 1 0 0 1 0 0 0 0 0 0 0 0 0 0 0 1 0 
0 0 0 0 0 0 0 0 0 0 0 1 0 0 1 0 0 0 0 0 0 0 0 0 
0 0 0 0 0 0 0 0 1 0 1 0 1 0 1 0 0 0 0 1 1 1 0 0 
0 0 0 0 1 0 0 0 1 0 0 0 0 0 0 1 1 0 0 0 0 0 0 1 
0 0 0 0 0 0 1 1 0 0 1 1 1 0 0 0 0 0 0 1 0 0 0 0 
0 1 0 0 0 0 0 0 0 0 0 1 0 0 0 0 1 0 1 0 1 0 0 0 
0 0 1 0 1 0 1 0 1 0 0 0 0 0 0 1 0 1 0 0 0 0 0 0 
0 0 0 0 0 1 0 0 1 1 0 0 0 0 0 0 0 0 0 0 0 1 0 0 
0 0 0 0 0 0 1 0 1 0 0 0 0 1 0 0 0 0 0 1 0 0 1 0 
1 0 1 1 0 0 0 0 0 0 0 0 1 0 0 0 0 0 0 0 1 0 0 0 
0 0 0 0 0 1 1 0 0 0 0 0 0 0 0 0 0 0 0 0 0 0 0 1 
0 0 0 0 0 0 0 1 0 0 1 0 0 0 0 0 0 1 0 1 0 0 0 0 
0 0 0 0 0 0 0 1 0 1 0 0 0 0 0 0 0 0 0 0 0 1 0 0 
0 1 0 0 0 0 0 0 0 0 1 0 0 0 0 1 0 0 0 0 0 1 1 0 
0 0 0 0 0 0 0 0 0 1 0 0 0 0 0 0 0 0 0 0 1 0 0 0 
0 1 0 0 0 0 1 0 1 0 0 0 1 0 0 1 0 0 0 0 0 1 0 0 
0 0 0 1 0 0 1 0 0 1 0 0 0 1 0 0 0 0 1 0 0 0 1 0 
0 0 1 0 0 0 1 0 0 0 0 1 0 0 0 0 1 1 0 1 0 0 0 0 
0 1 0 0 1 0 0 0 0 0 0 0 1 0 0 0 0 1 0 0 1 0 0 0 
0 1 1 0 0 0 0 1 0 0 0 0 0 0 1 0 0 0 0 0 0 0 0 0 
1 1 1 1 1 1 
1 1 1 1 1 1 
1 1 1 1 1 1 
0 0 1 1 1 1 
0 0 1 1 1 1 
0 0 1 1 1 1 
1 1 1 1 1 1 
0 0 1 1 1 1 
0 0 1 1 1 1 
0 0 1 1 1 1 
0 0 1 1 1 1 
0 0 1 1 1 1 
0 0 1 1 1 1 
0 0 1 1 1 1 
1 1 1 1 1 1 
0 0 1 1 1 1 
0 0 1 1 1 1 
0 0 1 1 1 1 
0 0 1 1 1 1 
0 0 1 1 1 1 
0 0 1 1 1 1 
0 0 0 0 0 1 
0 0 0 0 0 1 
0 0 0 0 0 1 
12 0 160 164 3000
12 0 160 164 3000
147 0 1280 491 6000
333 0 2560 614 9000
333 0 2560 614 9000
147 6 1280 614 6000
10 0 1 7
10 0 1 7
14 0 8 22
34 0 17 22
34 0 17 22
14 18 8 22
14 14 14 14 14 14 14 14 14 14 14 14 
30000
3000
3000 0 0 0 0 0 0 0 0 0 0 0 0 6000 0 0 0 0 0 0 0 0 0 0 
0 3000 0 3000 0 0 0 0 0 3000 0 0 0 0 0 0 0 3000 0 3000 0 0 3000 3000 
0 0 3000 6000 0 0 0 0 0 0 6000 0 0 6000 0 0 0 0 0 0 0 6000 0 6000 
0 0 0 3000 0 0 0 0 0 0 0 0 0 6000 0 0 0 0 0 0 6000 0 0 0 
0 0 0 0 3000 0 0 6000 0 0 6000 0 0 0 0 0 0 0 0 0 0 0 6000 0 
0 0 0 0 0 3000 0 0 0 0 0 6000 0 0 3000 0 0 0 0 0 0 0 0 0 
0 0 0 0 0 0 3000 0 3000 0 3000 0 3000 0 3000 0 0 0 0 3000 3000 3000 0 0 
0 0 0 0 0 0 0 3000 6000 0 0 0 0 0 0 6000 6000 0 0 0 0 0 0 6000 
0 0 0 0 0 0 0 0 3000 0 6000 6000 6000 0 0 0 0 0 0 6000 0 0 0 0 
0 0 0 0 0 0 0 0 0 3000 0 6000 0 0 0 0 6000 0 6000 0 6000 0 0 0 
0 0 0 0 0 0 0 0 0 0 3000 0 0 0 0 6000 0 6000 0 0 0 0 0 0 
0 0 0 0 0 0 0 0 0 0 0 3000 0 0 0 0 0 0 0 0 0 6000 0 0 
0 0 0 0 0 0 0 0 0 0 0 0 3000 6000 0 0 0 0 0 6000 0 0 6000 0 
0 0 0 0 0 0 0 0 0 0 0 0 0 3000 0 0 0 0 0 0 6000 0 0 0 
0 0 0 0 0 0 0 0 0 0 0 0 0 0 3000 0 0 0 0 0 0 0 0 3000 
0 0 0 0 0 0 0 0 0 0 0 0 0 0 0 3000 0 6000 0 6000 0 0 0 0 
0 0 0 0 0 0 0 0 0 0 0 0 0 0 0 0 3000 0 0 0 0 9000 0 0 
0 0 0 0 0 0 0 0 0 0 0 0 0 0 0 0 0 3000 0 0 0 9000 9000 0 
0 0 0 0 0 0 0 0 0 0 0 0 0 0 0 0 0 0 3000 0 9000 0 0 0 
0 0 0 0 0 0 0 0 0 0 0 0 0 0 0 0 0 0 0 3000 0 9000 0 0 
0 0 0 0 0 0 0 0 0 0 0 0 0 0 0 0 0 0 0 0 3000 0 9000 0 
0 0 0 0 0 0 0 0 0 0 0 0 0 0 0 0 0 0 0 0 0 3000 0 0 
0 0 0 0 0 0 0 0 0 0 0 0 0 0 0 0 0 0 0 0 0 0 3000 0 
0 0 0 0 0 0 0 0 0 0 0 0 0 0 0 0 0 0 0 0 0 0 0 3000 
11
5 1 2 1 3 1 4 1 5 1 6 
5 1 2 1 3 1 4 1 5 1 6 
5 1 2 2 3 2 4 2 5 2 6 
8 1 3 1 4 1 5 1 6 2 3 2 4 2 5 2 6 
5 2 3 1 3 3 4 3 5 3 6 
9 1 4 1 5 1 6 2 4 2 5 2 6 3 4 3 5 3 6 
5 3 4 2 4 1 4 4 5 4 6 
8 1 5 1 6 2 5 2 6 3 5 3 6 4 5 4 6 
5 4 5 3 5 2 5 1 5 5 6 
5 1 6 2 6 3 6 4 6 5 6 
5 5 6 4 6 3 6 2 6 1 6 
