12
8
2
2 0 37 41 1 15248
1 0 17 16 0 0
4 0 75 85 1 9750
8 0 150 196 1 17986
2 0 37 41 1 5161
7 0 171 42 1 20362
26 0 684 196 0 0
26 0 684 196 1 17140
1 0 1 1 1 1 1 1 1 1 1 1 
1 1 0 1 1 1 1 1 0 1 0 1 
1 1 0 1 1 1 0 0 1 1 0 1 
1 1 1 1 1 1 1 1 1 1 0 1 
0 1 1 1 1 1 1 1 0 1 1 1 
1 1 0 1 1 1 0 1 1 1 1 1 
0 1 1 1 1 1 1 0 1 1 1 1 
1 1 1 1 0 0 1 1 1 1 1 1 
0 0 0 1 1 0 1 0 
0 0 0 0 0 0 0 0 
0 0 0 0 0 1 1 1 
1 0 0 0 1 0 0 0 
1 0 0 1 0 0 1 0 
0 0 1 0 0 0 0 0 
1 0 1 0 1 0 0 0 
0 0 1 0 0 0 0 0 
1 1 
1 1 
1 1 
0 1 
1 1 
0 1 
0 1 
0 1 
12 0 160 164 3000
147 0 1280 491 6000
10 0 1 7
14 0 8 22
14 14 14 14 14 14 14 14 14 14 14 14 
30000
3000
3000 0 0 3000 3000 0 3000 0 
0 3000 0 0 0 0 0 0 
0 0 3000 0 0 3000 6000 6000 
0 0 0 3000 3000 0 0 0 
0 0 0 0 3000 0 3000 0 
0 0 0 0 0 3000 0 0 
0 0 0 0 0 0 3000 0 
0 0 0 0 0 0 0 3000 
3
1 1 2 
1 1 2 
1 1 2 
