12
8
2
8 0 150 196 1 3955
8 0 150 196 1 11489
8 0 150 196 1 15276
8 0 150 196 1 15375
8 0 150 196 1 8290
7 0 171 42 0 0
26 0 684 196 1 16607
7 0 171 42 0 0
1 1 1 0 1 1 0 1 1 1 1 1 
1 1 0 1 1 1 1 1 1 1 0 0 
1 0 1 1 1 1 1 1 1 0 1 1 
0 0 0 1 1 1 0 1 0 1 0 1 
1 1 1 1 1 1 0 1 1 1 0 1 
0 1 1 1 1 1 1 0 1 1 1 0 
1 1 1 1 1 0 1 1 0 1 1 0 
1 1 1 1 1 1 1 1 1 1 1 1 
0 0 0 0 0 1 0 0 
0 0 0 0 0 0 0 0 
0 0 0 1 0 0 1 0 
0 0 1 0 0 0 0 0 
0 0 0 0 0 0 0 0 
1 0 0 0 0 0 0 0 
0 0 1 0 0 0 0 1 
0 0 0 0 0 0 1 0 
0 1 
0 1 
0 1 
0 1 
0 1 
0 1 
0 1 
0 1 
12 0 160 164 3000
147 0 1280 491 6000
10 0 1 7
14 0 8 22
14 14 14 14 14 14 14 14 14 14 14 14 
30000
3000
3000 0 0 0 0 3000 0 0 
0 3000 0 0 0 0 0 0 
0 0 3000 6000 0 0 6000 0 
0 0 0 3000 0 0 0 0 
0 0 0 0 3000 0 0 0 
0 0 0 0 0 3000 0 0 
0 0 0 0 0 0 3000 3000 
0 0 0 0 0 0 0 3000 
3
1 1 2 
1 1 2 
1 1 2 
