12
8
2
4 0 75 85 1 19370
2 0 37 41 1 10382
8 0 150 196 1 8090
2 0 37 41 0 0
4 0 75 85 1 19108
7 0 171 42 1 2590
7 0 171 42 1 19897
7 0 171 42 1 12717
1 1 1 0 0 0 1 1 1 1 1 1 
1 0 1 1 1 1 0 1 1 1 0 1 
1 1 0 1 1 1 1 1 1 1 0 1 
1 1 1 0 1 1 1 1 0 1 0 1 
0 1 0 1 0 1 1 1 1 1 1 1 
1 1 0 1 1 1 1 1 0 0 1 1 
1 1 1 1 1 1 1 1 1 1 1 0 
1 1 0 1 1 1 1 1 0 0 0 1 
0 0 0 1 0 0 0 0 
0 0 0 0 0 0 0 0 
0 0 0 0 0 1 1 0 
1 0 0 0 0 0 0 0 
0 0 0 0 0 0 0 0 
0 0 1 0 0 0 0 0 
0 0 1 0 0 0 0 0 
0 0 0 0 0 0 0 0 
1 1 
1 1 
0 1 
1 1 
1 1 
0 1 
0 1 
0 1 
12 0 160 164 3000
147 0 1280 491 6000
10 0 1 7
14 0 8 22
14 14 14 14 14 14 14 14 14 14 14 14 
30000
3000
3000 0 0 3000 0 0 0 0 
0 3000 0 0 0 0 0 0 
0 0 3000 0 0 3000 3000 0 
0 0 0 3000 0 0 0 0 
0 0 0 0 3000 0 0 0 
0 0 0 0 0 3000 0 0 
0 0 0 0 0 0 3000 0 
0 0 0 0 0 0 0 3000 
3
1 1 2 
1 1 2 
1 1 2 
