12
8
2
8 0 150 196 1 12823
8 0 150 196 1 1076
8 0 150 196 0 0
1 0 17 16 1 8799
1 0 17 16 1 10874
7 0 171 42 0 0
13 0 342 85 1 7933
13 0 342 85 1 2636
1 1 1 0 1 1 1 1 1 0 1 0 
1 1 1 1 1 1 1 0 1 1 1 1 
1 1 1 1 1 1 1 1 1 1 1 1 
1 1 1 1 1 1 1 1 1 1 1 1 
0 1 1 1 1 0 0 1 1 1 1 1 
1 1 1 1 1 1 1 0 1 1 1 1 
0 1 1 1 0 1 1 1 1 1 1 1 
1 1 1 1 1 1 1 0 1 1 0 1 
0 1 0 0 0 0 0 0 
1 0 0 0 0 0 0 0 
0 0 0 1 0 0 0 0 
0 0 1 0 0 0 0 0 
0 0 0 0 0 1 0 1 
0 0 0 0 1 0 1 0 
0 0 0 0 0 1 0 1 
0 0 0 0 1 0 1 0 
0 1 
0 1 
0 1 
1 1 
1 1 
0 1 
0 1 
0 1 
12 0 160 164 3000
147 0 1280 491 6000
10 0 1 7
14 0 8 22
14 14 14 14 14 14 14 14 14 14 14 14 
30000
3000
3000 6000 0 0 0 0 0 0 
0 3000 0 0 0 0 0 0 
0 0 3000 3000 0 0 0 0 
0 0 0 3000 0 0 0 0 
0 0 0 0 3000 3000 0 3000 
0 0 0 0 0 3000 3000 0 
0 0 0 0 0 0 3000 6000 
0 0 0 0 0 0 0 3000 
3
1 1 2 
1 1 2 
1 1 2 
