12
8
2
8 0 150 196 0 0
8 0 150 196 1 16216
1 0 17 16 1 12519
1 0 17 16 1 13870
4 0 75 85 1 20793
13 0 342 85 1 16876
26 0 684 196 1 21601
13 0 342 85 1 13242
1 1 1 1 1 1 1 1 1 1 1 1 
0 0 0 1 0 1 1 0 1 0 1 1 
1 1 1 1 1 1 1 0 1 1 1 1 
1 1 0 0 1 1 1 1 0 0 1 1 
1 0 1 1 1 0 1 1 0 0 1 1 
1 1 1 1 1 1 0 1 1 1 1 1 
0 1 1 1 1 1 1 1 1 1 1 0 
1 1 1 1 1 1 1 1 1 1 1 0 
0 0 0 1 0 0 1 1 
0 0 0 0 0 1 0 0 
0 0 0 0 1 0 0 1 
1 0 0 0 0 0 0 1 
0 0 1 0 0 0 1 0 
0 1 0 0 0 0 0 0 
1 0 0 0 1 0 0 0 
1 0 1 1 0 0 0 0 
0 1 
0 1 
1 1 
1 1 
1 1 
0 1 
0 1 
0 1 
12 0 160 164 3000
147 0 1280 491 6000
10 0 1 7
14 0 8 22
14 14 14 14 14 14 14 14 14 14 14 14 
30000
3000
3000 0 0 3000 0 0 6000 6000 
0 3000 0 0 0 6000 0 0 
0 0 3000 0 3000 0 0 3000 
0 0 0 3000 0 0 0 3000 
0 0 0 0 3000 0 6000 0 
0 0 0 0 0 3000 0 0 
0 0 0 0 0 0 3000 0 
0 0 0 0 0 0 0 3000 
3
1 1 2 
1 1 2 
1 1 2 
