12
15
4
8 0 150 196 0 0
4 0 75 85 0 0
1 0 17 16 0 0
8 0 150 196 1 12164
4 0 75 85 1 9109
1 0 17 16 0 0
7 0 171 42 0 0
26 0 684 196 1 20903
26 0 684 196 0 0
26 0 684 196 1 3935
5 0 17 35 1 8811
5 0 17 35 0 0
36 0 230 196 1 1655
88 0 605 337 1 15622
34 2 220 196 0 0
1 0 1 0 0 1 1 1 1 1 1 1 
0 0 1 1 1 1 1 1 1 1 1 1 
1 0 1 1 1 1 1 1 1 1 1 1 
1 1 1 0 1 1 1 1 1 0 1 1 
1 1 1 1 0 0 1 1 1 1 1 1 
0 1 1 1 1 0 1 1 1 1 1 1 
0 0 1 0 1 1 0 1 1 1 1 0 
1 0 1 1 1 0 1 0 0 1 1 1 
1 1 0 1 1 0 1 1 1 1 1 0 
1 1 0 1 1 1 1 1 1 1 1 1 
1 1 0 1 0 1 0 1 1 1 1 1 
0 1 1 1 1 1 1 0 1 1 1 1 
1 1 0 0 0 1 1 1 1 1 1 1 
1 1 1 1 1 1 1 1 1 1 1 1 
0 1 1 0 1 1 1 0 0 0 1 1 
0 0 0 0 1 0 0 0 0 0 0 0 0 0 0 
0 0 0 0 0 0 0 0 0 0 1 0 0 0 0 
0 0 0 0 0 0 0 0 0 0 0 0 0 0 1 
0 0 0 0 0 0 0 1 0 0 0 1 0 0 0 
1 0 0 0 0 0 0 1 1 0 1 0 0 1 0 
0 0 0 0 0 0 0 0 0 0 0 0 0 0 1 
0 0 0 0 0 0 0 0 1 0 0 0 0 0 1 
0 0 0 1 1 0 0 0 0 1 0 0 0 0 0 
0 0 0 0 1 0 1 0 0 0 0 1 0 0 1 
0 0 0 0 0 0 0 1 0 0 0 0 1 0 0 
0 1 0 0 1 0 0 0 0 0 0 0 0 0 0 
0 0 0 1 0 0 0 0 1 0 0 0 0 0 0 
0 0 0 0 0 0 0 0 0 1 0 0 0 0 0 
0 0 0 0 1 0 0 0 0 0 0 0 0 0 1 
0 0 1 0 0 1 1 0 1 0 0 0 0 1 0 
0 0 1 1 
1 1 1 1 
1 1 1 1 
0 0 1 1 
1 1 1 1 
1 1 1 1 
0 0 1 1 
0 0 1 1 
0 0 1 1 
0 0 1 1 
1 1 1 1 
1 1 1 1 
0 0 1 1 
0 0 1 1 
0 0 0 1 
12 0 160 164 3000
12 0 160 164 3000
333 0 2560 614 9000
147 6 1280 614 6000
10 0 1 7
10 0 1 7
34 0 17 22
14 18 8 22
14 14 14 14 14 14 14 14 14 14 14 14 
30000
3000
3000 0 0 0 6000 0 0 0 0 0 0 0 0 0 0 
0 3000 0 0 0 0 0 0 0 0 3000 0 0 0 0 
0 0 3000 0 0 0 0 0 0 0 0 0 0 0 3000 
0 0 0 3000 0 0 0 6000 0 0 0 3000 0 0 0 
0 0 0 0 3000 0 0 6000 6000 0 3000 0 0 6000 0 
0 0 0 0 0 3000 0 0 0 0 0 0 0 0 3000 
0 0 0 0 0 0 3000 0 3000 0 0 0 0 0 3000 
0 0 0 0 0 0 0 3000 0 6000 0 0 0 0 0 
0 0 0 0 0 0 0 0 3000 0 0 3000 0 0 6000 
0 0 0 0 0 0 0 0 0 3000 0 0 6000 0 0 
0 0 0 0 0 0 0 0 0 0 3000 0 0 0 0 
0 0 0 0 0 0 0 0 0 0 0 3000 0 0 0 
0 0 0 0 0 0 0 0 0 0 0 0 3000 0 0 
0 0 0 0 0 0 0 0 0 0 0 0 0 3000 9000 
0 0 0 0 0 0 0 0 0 0 0 0 0 0 3000 
7
3 1 2 1 3 1 4 
3 1 2 1 3 1 4 
3 1 2 2 3 2 4 
4 1 3 1 4 2 3 2 4 
3 2 3 1 3 3 4 
3 1 4 2 4 3 4 
3 3 4 2 4 1 4 
