24
14
5
40 10 80 100 0 0
60 20 150 20 0 0
20 30 60 10 0 0
40 10 80 100 0 0
60 20 150 20 1 3
20 30 60 10 0 0
40 10 80 100 1 3
60 20 150 20 1 3
20 30 60 10 1 3
40 10 80 100 0 0
60 20 150 20 1 4
20 30 60 10 0 0
60 20 150 20 0 0
20 30 60 10 0 0
1 1 1 1 1 1 1 1 1 1 1 1 1 1 1 1 1 1 1 1 1 1 1 1
1 1 1 1 0 0 1 1 1 1 1 1 0 0 1 1 1 1 1 1 0 0 1 1
1 1 0 0 0 0 0 1 1 1 1 0 0 0 0 0 0 1 1 1 1 0 0 0
1 1 1 1 1 1 1 1 1 1 1 1 1 1 1 1 1 1 1 1 1 1 1 1
1 1 1 1 1 1 1 1 1 1 1 1 1 1 1 1 1 1 1 1 1 1 1 1
0 0 1 1 0 0 1 1 0 0 1 1 0 0 1 1 0 0 1 1 0 0 1 1
0 0 1 1 0 0 1 1 0 0 1 1 0 0 1 1 0 0 1 1 0 0 1 1
1 1 1 1 1 1 1 1 1 1 1 1 1 1 1 1 1 1 1 1 1 1 1 1
0 0 0 1 1 1 0 0 0 0 1 1 1 0 0 0 0 1 1 1 1 0 0 0 
1 1 1 1 1 1 1 1 1 1 1 1 1 1 1 1 1 1 1 1 1 1 1 1
1 1 1 1 1 1 1 1 1 1 1 1 1 1 1 1 1 1 1 1 1 1 1 1
1 1 1 1 1 1 1 1 1 1 1 1 1 1 1 1 1 1 1 1 1 1 1 1
0 0 0 0 0 0 0 1 1 1 0 0 0 0 1 1 1 1 1 0 0 0 0 0
1 1 0 0 0 0 0 0 0 1 1 1 0 0 0 0 1 1 1 1 1 0 0 0 
0 0 0 1 1 1 1 0 0 1 1 0 0 0
0 0 0 1 1 1 1 0 0 1 1 0 0 0 
0 0 0 1 1 1 1 0 0 1 1 0 0 0 
1 1 1 0 0 0 0 1 1 0 0 1 1 1  
1 1 1 0 0 0 0 1 1 0 0 1 1 1  
1 1 1 0 0 0 0 1 1 0 0 1 1 1  
1 1 1 0 0 0 0 1 1 0 0 1 1 1  
0 0 0 1 1 1 1 0 0 0 0 0 0 0 
0 0 0 1 1 1 1 0 0 0 0 0 0 0 
1 1 1 0 0 0 0 0 0 0 0 0 0 0  
1 1 1 0 0 0 0 0 0 0 0 0 0 0  
0 0 0 1 1 1 1 0 0 0 0 0 0 0 
0 0 0 1 1 1 1 0 0 0 0 0 0 0 
0 0 0 1 1 1 1 0 0 0 0 0 0 0 
0 0 0 0 0
1 1 0 0 0
0 0 0 0 0
0 0 0 0 0
0 1 1 0 0 
0 0 0 0 0 
0 0 0 0 0 
1 1 1 0 0
1 1 1 0 0
0 0 0 0 0
0 0 0 0 0
0 0 0 0 0
0 0 0 0 0
0 0 0 0 0
1 1 1 1 1 1 1 1 1 1 1 1 1 1
150 70 1000 250 10
200 100 3000 400 12
100 100 500 500 8
400 120 1500 700 13
700 200 1500 300 18
2 4 1 4
1 2 7 3
1 1 1 1
9 4 3 6
4 5 3 4
1 1 1 2 2 2 1 1 1 3 3 3 2 2 2 1 1 1 2 2 2 4 4 4 
100
10
10 20 20 20 20 15 15 15 15 15 15 15 15 10 10
5  10 10 10 10 10 10 10 10 25 25 25 25 25 25
20 5 10 10 10 10 20 20 20 20 20 20 20 20 20
20 5 10 10 10 10 20 20 20 20 20 20 20 20 20
20 5 10 10 10 10 20 20 20 20 20 20 20 20 20
20 5 10 10 10 10 20 20 20 20 20 20 20 20 20
5  10 10 10 10 10 10 10 10 25 25 25 25 25 25
5  10 10 10 10 10 10 10 10 25 25 25 25 25 25
5  10 10 10 10 10 10 10 10 25 25 25 25 25 25
5  10 10 10 10 10 10 10 10 25 25 25 25 25 25
5  10 10 10 10 10 10 10 10 25 25 25 25 25 25
5  10 10 10 10 10 10 10 10 25 25 25 25 25 25
5  10 10 10 10 10 10 10 10 25 25 25 25 25 25
5  10 10 10 10 10 10 10 10 25 25 25 25 25 25
5  10 10 10 10 10 10 10 10 25 25 25 25 25 25
 

// L1: The time horizon T
// L2: The number of tasks
// L3: The number of machines
// L4à17: Besoin pour la taches 1
// L18à31 : Ui,t
// L32à45 : Matrice des affinités
// L46à59 : Matrice des préaffecations
// L66 : données fictive de temps de migration de la tache i
// L67à72 : capacité de la machine physique
// L73à77 : cout d'utilisation des ressources
// L78 : cout forfaitaire d'activation de la machine
