12
15
4
2 0 37 41 1 15527
8 0 150 196 1 7093
1 0 17 16 1 1436
8 0 150 196 1 10205
1 0 17 16 1 7080
1 0 17 16 1 14277
7 0 171 42 0 0
13 0 342 85 1 16278
7 0 171 42 1 8464
13 0 342 85 1 13722
20 0 70 196 1 1576
20 0 70 196 0 0
88 0 605 337 1 21044
88 0 605 337 1 5151
34 2 220 196 0 0
1 0 0 1 1 1 1 1 1 1 1 1 
1 0 1 1 1 0 1 1 1 1 1 1 
0 1 0 1 1 1 1 1 1 0 1 1 
1 1 1 1 1 1 1 1 0 1 1 1 
1 1 1 1 0 1 1 1 1 0 0 1 
0 1 1 1 1 1 1 1 1 1 1 1 
1 1 1 1 1 1 0 1 0 1 1 0 
1 1 1 0 1 1 1 1 1 1 1 0 
1 1 1 1 1 0 1 0 1 0 1 1 
1 1 1 1 1 0 1 0 1 1 1 0 
0 0 0 1 1 1 1 1 1 1 0 1 
1 1 1 1 0 1 1 1 1 0 1 1 
0 1 1 1 1 0 0 1 1 1 1 1 
1 1 1 1 0 1 1 1 1 1 0 0 
1 1 0 1 1 1 1 1 0 1 1 0 
0 0 0 0 1 1 0 1 0 0 0 0 1 0 1 
0 0 0 0 0 0 0 1 0 0 1 0 0 1 0 
0 0 0 0 0 0 0 0 0 0 0 0 0 0 0 
0 0 0 0 0 0 1 1 0 0 0 0 0 1 0 
1 0 0 0 0 1 0 0 0 0 1 0 1 0 0 
1 0 0 0 1 0 1 0 1 0 0 0 0 0 1 
0 0 0 1 0 1 0 0 0 0 0 0 0 0 0 
1 1 0 1 0 0 0 0 0 0 0 1 0 0 0 
0 0 0 0 0 1 0 0 0 0 0 0 0 0 0 
0 0 0 0 0 0 0 0 0 0 1 0 1 0 0 
0 1 0 0 1 0 0 0 0 1 0 0 0 0 1 
0 0 0 0 0 0 0 1 0 0 0 0 0 1 1 
1 0 0 0 1 0 0 0 0 1 0 0 0 0 0 
0 1 0 1 0 0 0 0 0 0 0 1 0 0 0 
1 0 0 0 0 1 0 0 0 0 1 1 0 0 0 
1 1 1 1 
0 0 1 1 
1 1 1 1 
0 0 1 1 
1 1 1 1 
1 1 1 1 
0 0 1 1 
0 0 1 1 
0 0 1 1 
0 0 1 1 
0 0 1 1 
0 0 1 1 
0 0 1 1 
0 0 1 1 
0 0 0 1 
12 0 160 164 3000
12 0 160 164 3000
333 0 2560 614 9000
147 6 1280 614 6000
10 0 1 7
10 0 1 7
34 0 17 22
14 18 8 22
14 14 14 14 14 14 14 14 14 14 14 14 
30000
3000
3000 0 0 0 3000 3000 0 3000 0 0 0 0 3000 0 3000 
0 3000 0 0 0 0 0 6000 0 0 6000 0 0 6000 0 
0 0 3000 0 0 0 0 0 0 0 0 0 0 0 0 
0 0 0 3000 0 0 3000 6000 0 0 0 0 0 6000 0 
0 0 0 0 3000 3000 0 0 0 0 3000 0 3000 0 0 
0 0 0 0 0 3000 3000 0 3000 0 0 0 0 0 3000 
0 0 0 0 0 0 3000 0 0 0 0 0 0 0 0 
0 0 0 0 0 0 0 3000 0 0 0 6000 0 0 0 
0 0 0 0 0 0 0 0 3000 0 0 0 0 0 0 
0 0 0 0 0 0 0 0 0 3000 6000 0 6000 0 0 
0 0 0 0 0 0 0 0 0 0 3000 0 0 0 6000 
0 0 0 0 0 0 0 0 0 0 0 3000 0 6000 6000 
0 0 0 0 0 0 0 0 0 0 0 0 3000 0 0 
0 0 0 0 0 0 0 0 0 0 0 0 0 3000 0 
0 0 0 0 0 0 0 0 0 0 0 0 0 0 3000 
7
3 1 2 1 3 1 4 
3 1 2 1 3 1 4 
3 1 2 2 3 2 4 
4 1 3 1 4 2 3 2 4 
3 2 3 1 3 3 4 
3 1 4 2 4 3 4 
3 3 4 2 4 1 4 
