12
21
5
8 0 150 196 0 0
4 0 75 85 0 0
2 0 37 41 1 19810
4 0 75 85 1 19981
2 0 37 41 1 11870
1 0 17 16 0 0
1 0 17 16 0 0
2 0 37 41 0 0
1 0 17 16 0 0
7 0 171 42 0 0
13 0 342 85 0 0
26 0 684 196 1 12246
26 0 684 196 1 16376
26 0 684 196 0 0
20 0 70 196 0 0
5 0 17 35 1 2904
20 0 70 196 1 12882
20 0 70 196 0 0
36 0 230 196 0 0
36 0 230 196 1 14734
34 2 220 196 1 13768
1 1 0 1 0 1 1 1 1 1 0 1 
1 1 1 1 1 1 1 1 1 1 1 1 
1 1 1 1 1 0 1 1 0 0 1 0 
1 1 1 1 1 1 1 0 1 1 0 1 
1 1 1 1 1 1 1 1 1 1 1 0 
0 1 1 1 1 1 1 1 1 1 1 1 
1 1 1 1 1 1 1 1 1 1 1 1 
0 1 1 1 1 1 1 1 0 1 1 1 
1 1 1 1 1 1 1 1 1 0 0 1 
1 0 1 1 1 1 1 1 1 1 1 0 
1 1 0 0 1 1 1 1 1 1 1 1 
1 1 1 1 1 1 1 0 1 1 1 0 
1 0 1 0 1 0 0 0 1 1 1 1 
1 1 1 1 0 0 1 1 1 1 1 1 
1 1 1 1 1 1 1 0 1 1 1 1 
1 0 1 1 1 1 1 1 1 1 1 1 
1 1 1 0 1 1 1 1 1 1 0 1 
1 0 0 1 0 1 1 0 1 0 0 0 
1 1 0 1 1 1 1 1 1 1 1 1 
1 1 1 1 0 1 1 0 1 1 1 1 
1 1 0 1 1 1 0 1 1 1 1 1 
0 1 0 0 1 0 0 0 0 0 0 0 0 0 0 0 0 0 0 0 0 
1 0 0 0 0 0 0 0 0 0 0 0 0 0 0 0 0 0 0 0 1 
0 0 0 0 0 0 0 0 1 0 1 0 0 0 1 0 1 0 1 1 0 
0 0 0 0 0 0 0 0 0 0 0 1 0 0 0 0 1 0 0 1 0 
1 0 0 0 0 0 0 0 0 0 0 0 0 0 0 1 0 0 0 1 0 
0 0 0 0 0 0 0 1 0 0 1 1 0 1 0 1 0 0 0 0 0 
0 0 0 0 0 0 0 0 0 0 0 0 0 0 1 0 1 0 1 0 1 
0 0 0 0 0 1 0 0 0 0 1 1 1 0 0 0 1 0 0 0 0 
0 0 1 0 0 0 0 0 0 0 0 0 0 1 0 0 0 1 0 0 0 
0 0 0 0 0 0 0 0 0 0 0 0 0 0 1 0 1 0 0 0 1 
0 0 1 0 0 1 0 1 0 0 0 0 0 0 0 0 0 0 0 1 0 
0 0 0 1 0 1 0 1 0 0 0 0 1 0 0 0 1 1 0 1 0 
0 0 0 0 0 0 0 1 0 0 0 1 0 0 0 0 0 0 0 0 0 
0 0 0 0 0 1 0 0 1 0 0 0 0 0 1 1 1 1 0 0 0 
0 0 1 0 0 0 1 0 0 1 0 0 0 1 0 0 1 0 0 0 0 
0 0 0 0 1 1 0 0 0 0 0 0 0 1 0 0 0 0 0 0 0 
0 0 1 1 0 0 1 1 0 1 0 1 0 1 1 0 0 0 0 0 1 
0 0 0 0 0 0 0 0 1 0 0 1 0 1 0 0 0 0 1 1 0 
0 0 1 0 0 0 1 0 0 0 0 0 0 0 0 0 0 1 0 0 1 
0 0 1 1 1 0 0 0 0 0 1 1 0 0 0 0 0 1 0 0 0 
0 1 0 0 0 0 1 0 0 1 0 0 0 0 0 0 1 0 1 0 0 
0 0 1 1 1 
1 1 1 1 1 
1 1 1 1 1 
1 1 1 1 1 
1 1 1 1 1 
1 1 1 1 1 
1 1 1 1 1 
1 1 1 1 1 
1 1 1 1 1 
0 0 1 1 1 
0 0 1 1 1 
0 0 1 1 1 
0 0 1 1 1 
0 0 1 1 1 
0 0 1 1 1 
1 1 1 1 1 
0 0 1 1 1 
0 0 1 1 1 
0 0 1 1 1 
0 0 1 1 1 
0 0 0 0 1 
12 0 160 164 3000
12 0 160 164 3000
333 0 2560 614 9000
333 0 2560 614 9000
147 6 1280 614 6000
10 0 1 7
10 0 1 7
34 0 17 22
34 0 17 22
14 18 8 22
14 14 14 14 14 14 14 14 14 14 14 14 
30000
3000
3000 6000 0 0 3000 0 0 0 0 0 0 0 0 0 0 0 0 0 0 0 0 
0 3000 0 0 0 0 0 0 0 0 0 0 0 0 0 0 0 0 0 0 6000 
0 0 3000 0 0 0 0 0 3000 0 3000 0 0 0 3000 0 3000 0 3000 3000 0 
0 0 0 3000 0 0 0 0 0 0 0 6000 0 0 0 0 6000 0 0 6000 0 
0 0 0 0 3000 0 0 0 0 0 0 0 0 0 0 3000 0 0 0 3000 0 
0 0 0 0 0 3000 0 3000 0 0 3000 3000 0 3000 0 3000 0 0 0 0 0 
0 0 0 0 0 0 3000 0 0 0 0 0 0 0 3000 0 3000 0 3000 0 3000 
0 0 0 0 0 0 0 3000 0 0 3000 3000 3000 0 0 0 3000 0 0 0 0 
0 0 0 0 0 0 0 0 3000 0 0 0 0 3000 0 0 0 3000 0 0 0 
0 0 0 0 0 0 0 0 0 3000 0 0 0 0 3000 0 3000 0 0 0 3000 
0 0 0 0 0 0 0 0 0 0 3000 0 0 0 0 0 0 0 0 6000 0 
0 0 0 0 0 0 0 0 0 0 0 3000 6000 0 0 0 6000 6000 0 6000 0 
0 0 0 0 0 0 0 0 0 0 0 0 3000 0 0 0 0 0 0 0 0 
0 0 0 0 0 0 0 0 0 0 0 0 0 3000 6000 3000 6000 6000 0 0 0 
0 0 0 0 0 0 0 0 0 0 0 0 0 0 3000 0 6000 0 0 0 0 
0 0 0 0 0 0 0 0 0 0 0 0 0 0 0 3000 0 0 0 0 0 
0 0 0 0 0 0 0 0 0 0 0 0 0 0 0 0 3000 0 0 0 6000 
0 0 0 0 0 0 0 0 0 0 0 0 0 0 0 0 0 3000 6000 6000 0 
0 0 0 0 0 0 0 0 0 0 0 0 0 0 0 0 0 0 3000 0 9000 
0 0 0 0 0 0 0 0 0 0 0 0 0 0 0 0 0 0 0 3000 0 
0 0 0 0 0 0 0 0 0 0 0 0 0 0 0 0 0 0 0 0 3000 
9
4 1 2 1 3 1 4 1 5 
4 1 2 1 3 1 4 1 5 
4 1 2 2 3 2 4 2 5 
6 1 3 1 4 1 5 2 3 2 4 2 5 
4 2 3 1 3 3 4 3 5 
6 1 4 1 5 2 4 2 5 3 4 3 5 
4 3 4 2 4 1 4 4 5 
4 1 5 2 5 3 5 4 5 
4 4 5 3 5 2 5 1 5 
