24
6
3
40 10 80 100 0 0
40 10 80 100 0 0
40 10 80 100 0 0
40 00 120 100 0 0
40 10 80 100 1 1000000
60 00 150 20 1 5
1 1 1 1 1 1 1 1 1 1 1 1 1 1 1 1 1 1 1 1 1 1 1 1
1 1 1 1 0 0 1 1 1 1 1 1 0 0 1 1 1 1 1 1 0 0 1 1
1 1 0 0 0 0 0 1 1 1 1 0 0 0 0 0 0 1 1 1 1 0 0 0
1 1 0 0 0 0 0 1 1 1 1 0 0 0 0 0 0 1 1 1 1 0 0 0
1 1 0 0 0 0 0 1 1 1 1 0 0 0 0 0 0 1 1 1 1 0 0 0
1 1 0 0 0 0 0 1 1 1 1 0 0 0 0 0 0 1 1 1 1 0 0 0
0 0 0 0 0 0
0 0 0 0 0 0
0 0 0 1 0 0
0 0 1 0 0 0
0 0 0 0 0 0
0 0 0 0 0 0
1 0 0 
1 1 1 
1 1 0 
1 1 1 
1 1 1 
1 1 1 
250 150 1000 250 10
300 220 3000 400 12
250 150 1000 250 10
2 4 1 4
1 2 7 3
1 1 1 1
1 1 1 2 2 2 1 1 1 3 3 3 2 2 2 1 1 1 2 2 2 4 4 4 
100
10
10 20 20 20 20 20
20 10 10 10 10 20
20 10 10 10 10 10
20 10 10 10 20 10
20 10 10 10 20 10
10 10 10 10 10 10
8
3 1 2 1 3 2 3 
3 1 2 1 3 2 3 
2 1 2 1 3 
3 1 2 1 3 2 3 
2 1 2 1 3 
2 2 3 1 3 
2 1 2 1 3 
2 2 3 1 3 
