12
18
5
1 0 17 16 1 7431
8 0 150 196 1 3621
4 0 75 85 1 10721
4 0 75 85 1 15732
8 0 150 196 1 4122
1 0 17 16 1 13460
7 0 171 42 0 0
26 0 684 196 1 20788
13 0 342 85 0 0
13 0 342 85 0 0
26 0 684 196 1 16506
5 0 17 35 0 0
20 0 70 196 0 0
5 0 17 35 0 0
88 0 605 337 0 0
88 0 605 337 1 17417
34 2 220 196 0 0
34 2 220 196 1 3601
1 1 1 1 0 1 0 1 1 1 0 1 
1 1 0 0 1 1 1 0 1 1 1 1 
0 1 0 1 1 1 0 1 1 1 1 0 
1 1 1 1 1 1 1 0 1 1 1 0 
1 1 0 1 1 1 1 0 1 1 1 0 
1 1 1 1 1 1 0 1 1 1 1 1 
0 0 1 1 0 1 1 1 1 0 1 1 
1 0 1 0 0 0 1 1 0 1 1 1 
0 1 1 1 1 1 0 1 1 1 0 1 
1 1 1 1 1 0 1 1 1 1 1 1 
1 1 1 1 1 1 1 1 1 1 1 1 
1 1 1 1 1 1 1 0 1 1 1 1 
1 1 0 1 0 0 1 1 1 1 1 1 
1 1 0 1 0 1 1 1 1 1 0 0 
1 0 1 1 1 1 1 1 1 1 1 1 
1 1 0 0 1 0 1 1 0 1 1 1 
0 1 1 1 0 0 1 0 1 1 1 1 
0 1 0 1 1 1 1 1 1 1 1 1 
0 0 1 0 0 0 0 0 0 0 0 0 0 0 1 1 0 0 
0 0 0 1 0 1 1 0 0 0 0 1 0 0 0 0 0 0 
1 0 0 0 0 0 0 0 0 1 1 1 0 1 0 0 0 1 
0 1 0 0 1 1 0 0 0 0 0 0 0 0 1 0 1 0 
0 0 0 1 0 0 0 0 0 0 0 1 0 0 0 0 0 1 
0 1 0 1 0 0 0 0 0 1 0 0 0 1 0 0 0 1 
0 1 0 0 0 0 0 0 0 0 0 0 0 0 0 0 1 0 
0 0 0 0 0 0 0 0 0 1 0 0 1 1 0 0 0 0 
0 0 0 0 0 0 0 0 0 0 0 1 0 0 0 1 0 0 
0 0 1 0 0 1 0 1 0 0 1 0 1 0 1 1 0 0 
0 0 1 0 0 0 0 0 0 1 0 0 0 0 0 1 1 0 
0 1 1 0 1 0 0 0 1 0 0 0 0 0 1 0 1 0 
0 0 0 0 0 0 0 1 0 1 0 0 0 1 0 0 0 0 
0 0 1 0 0 1 0 1 0 0 0 0 1 0 0 0 0 0 
1 0 0 1 0 0 0 0 0 1 0 1 0 0 0 0 1 0 
1 0 0 0 0 0 0 0 1 1 1 0 0 0 0 0 0 0 
0 0 0 1 0 0 1 0 0 0 1 1 0 0 1 0 0 0 
0 0 1 0 1 1 0 0 0 0 0 0 0 0 0 0 0 0 
1 1 1 1 1 
0 0 1 1 1 
1 1 1 1 1 
1 1 1 1 1 
0 0 1 1 1 
1 1 1 1 1 
0 0 1 1 1 
0 0 1 1 1 
0 0 1 1 1 
0 0 1 1 1 
0 0 1 1 1 
1 1 1 1 1 
0 0 1 1 1 
1 1 1 1 1 
0 0 1 1 1 
0 0 1 1 1 
0 0 0 0 1 
0 0 0 0 1 
12 0 160 164 3000
12 0 160 164 3000
147 0 1280 491 6000
333 0 2560 614 9000
147 6 1280 614 6000
10 0 1 7
10 0 1 7
14 0 8 22
34 0 17 22
14 18 8 22
14 14 14 14 14 14 14 14 14 14 14 14 
30000
3000
3000 0 3000 0 0 0 0 0 0 0 0 0 0 0 3000 3000 0 0 
0 3000 0 6000 0 3000 3000 0 0 0 0 3000 0 0 0 0 0 0 
0 0 3000 0 0 0 0 0 0 6000 6000 3000 0 3000 0 0 0 6000 
0 0 0 3000 6000 3000 0 0 0 0 0 0 0 0 6000 0 6000 0 
0 0 0 0 3000 0 0 0 0 0 0 3000 0 0 0 0 0 6000 
0 0 0 0 0 3000 0 0 0 3000 0 0 0 3000 0 0 0 3000 
0 0 0 0 0 0 3000 0 0 0 0 0 0 0 0 0 3000 0 
0 0 0 0 0 0 0 3000 0 6000 0 0 6000 3000 0 0 0 0 
0 0 0 0 0 0 0 0 3000 0 0 3000 0 0 0 6000 0 0 
0 0 0 0 0 0 0 0 0 3000 6000 0 6000 0 6000 6000 0 0 
0 0 0 0 0 0 0 0 0 0 3000 0 0 0 0 6000 6000 0 
0 0 0 0 0 0 0 0 0 0 0 3000 0 0 3000 0 3000 0 
0 0 0 0 0 0 0 0 0 0 0 0 3000 3000 0 0 0 0 
0 0 0 0 0 0 0 0 0 0 0 0 0 3000 0 0 0 0 
0 0 0 0 0 0 0 0 0 0 0 0 0 0 3000 0 9000 0 
0 0 0 0 0 0 0 0 0 0 0 0 0 0 0 3000 0 0 
0 0 0 0 0 0 0 0 0 0 0 0 0 0 0 0 3000 0 
0 0 0 0 0 0 0 0 0 0 0 0 0 0 0 0 0 3000 
9
4 1 2 1 3 1 4 1 5 
4 1 2 1 3 1 4 1 5 
4 1 2 2 3 2 4 2 5 
6 1 3 1 4 1 5 2 3 2 4 2 5 
4 2 3 1 3 3 4 3 5 
6 1 4 1 5 2 4 2 5 3 4 3 5 
4 3 4 2 4 1 4 4 5 
4 1 5 2 5 3 5 4 5 
4 4 5 3 5 2 5 1 5 
